13 22 8 2 19
5 28 5 4 11
25 1 26 10 26
29 0 4 10 7
4 19 5 23 29
22 18 7 28 5
0 12 23 29 29
3 0 27 7 13
10 28 10 24 20
27 2 4 24 18
14 12 14 1 27
24 11 6 12 18
6 24 3 29 5
23 12 23 1 5
2 24 11 24 10
12 0 15 12 7
1 21 12 2 27
7 14 17 13 22
8 15 10 19 1
20 18 19 14 2
15 14 15 27 1
21 17 14 11 3
28 8 26 17 21
9 2 12 22 14
26 3 4 11 16
11 4 24 5 29
17 19 13 13 7
16 6 17 26 10
19 24 13 13 9
18 21 18 7 28
13 21 1 21 17
16 2 13 11 4
6 28 9 28 7
10 13 2 16 11
29 0 3 12 7
12 23 19 6 2
1 5 14 25 14
20 16 8 0 2
4 3 4 3 9
9 20 27 25 7
22 3 9 3 24
25 14 15 15 15
24 0 15 0 19
27 20 14 12 24
17 18 8 4 20
23 0 21 29 23
19 18 22 25 9
0 3 15 13 22
21 22 13 0 8
28 22 24 22 26
2 4 23 7 7
14 4 24 27 12
11 15 2 15 20
3 7 11 21 17
8 25 25 24 20
7 23 27 23 20
5 27 26 24 11
15 11 14 18 29
26 24 15 2 19
18 15 20 5 24
6 29 11 21 10
29 29 29 29 10
4 15 7 25 25
10 15 11 23 10
23 16 8 5 24
12 15 20 14 20
16 12 28 29 26
15 9 25 9 17
21 25 23 26 23
18 11 24 11 14
14 16 29 16 1
24 16 1 23 24
0 26 18 11 6
9 20 9 13 22
5 15 21 29 26
8 19 17 4 19
19 2 6 7 5
27 8 10 24 17
25 7 1 11 9
2 4 21 14 0
20 27 23 28 7
7 17 28 6 2
17 19 5 25 23
3 29 3 22 3
11 19 2 0 4
13 24 16 1 19
22 4 3 7 23
26 13 11 16 20
28 7 28 6 18
1 7 12 18 7
28 26 1 5 1
8 10 2 20 29
6 13 0 14 0
0 2 15 1 26
20 23 9 27 14
15 2 24 25 25
22 19 24 7 17
3 26 2 24 1
4 2 19 5 18
24 23 17 1 17
2 25 0 25 22
13 11 17 11 15
1 8 18 22 18
17 4 15 22 16
10 19 14 17 11
26 12 2 13 2
23 22 10 1 13
21 16 0 16 0
5 23 12 2 0
29 6 27 14 27
11 21 25 6 16
7 2 12 3 29
25 10 25 7 1
12 23 5 18 28
19 25 6 8 21
9 24 12 24 3
18 13 4 28 21
16 9 24 1 16
27 17 23 2 13
14 29 4 28 20
1 8 26 26 8
14 15 11 8 9
24 11 10 6 10
22 10 1 20 6
23 0 28 12 22
15 1 11 19 15
11 15 14 19 4
9 0 20 21 26
13 24 25 16 8
2 5 1 13 29
21 2 17 17 19
0 19 7 16 4
17 20 23 4 1
19 7 8 27 24
20 12 4 16 1
4 6 28 10 29
25 2 11 15 9
28 0 14 10 14
3 22 20 6 10
6 8 29 13 0
12 24 29 21 29
10 27 0 16 0
16 7 16 14 15
5 8 16 8 16
8 16 20 11 4
26 16 4 17 25
27 25 28 20 16
7 3 4 19 5
18 11 20 7 8
29 4 15 10 5
10 1 3 22 2
9 29 2 25 3
14 10 5 6 15
24 11 29 24 5
5 11 21 9 4
19 17 6 6 12
6 26 6 19 22
15 20 26 8 3
8 22 19 14 1
7 4 28 20 12
12 15 2 7 16
26 6 24 1 29
22 19 6 9 7
2 5 1 15 19
4 7 25 7 1
25 7 15 1 15
17 9 16 13 18
21 7 9 7 1
13 28 9 10 27
28 14 29 4 0
11 29 24 6 20
0 1 10 22 20
20 16 8 6 20
16 23 18 26 22
27 12 3 21 15
23 9 6 14 1
18 26 4 3 21
3 4 19 22 8
29 20 29 5 6
1 12 2 12 2
16 15 4 13 22
11 4 10 6 15
17 6 13 2 4
29 11 25 20 12
19 15 22 15 4
10 17 17 22 24
4 28 22 27 1
1 11 15 12 17
24 24 24 5 4
8 5 4 12 19
25 3 4 19 1
28 26 28 20 20
22 24 22 24 4
23 22 9 1 17
12 5 17 5 14
13 26 27 21 20
9 21 21 18 21
18 20 12 27 11
15 2 4 20 22
27 5 4 7 28
21 20 6 19 11
2 24 26 18 11
6 29 18 2 27
0 9 23 13 17
20 6 16 27 16
7 16 13 16 13
14 8 0 12 2
5 21 25 16 19
26 9 14 20 18
3 2 9 29 12
27 4 25 21 9
18 11 17 22 28
3 21 26 4 12
2 23 3 12 7
14 8 1 6 1
21 25 7 12 7
22 28 4 28 14
16 14 11 29 21
15 28 29 8 18
29 26 15 26 6
4 27 5 15 0
28 18 9 10 3
10 17 16 28 6
26 10 19 0 27
25 7 4 18 21
24 5 9 11 1
8 3 16 24 11
23 29 8 3 2
11 18 9 5 2
12 27 9 6 12
5 17 26 19 28
6 2 24 2 24
9 8 17 6 14
13 2 19 16 19
1 16 3 18 9
20 1 19 21 27
19 26 27 12 19
17 24 25 1 24
7 29 2 6 1
0 12 28 8 10
28 5 11 5 11
16 24 11 3 11
25 11 14 2 14
5 28 28 14 21
6 19 16 25 24
21 12 28 26 11
15 6 10 6 29
20 15 2 1 11
8 1 23 28 10
10 19 18 19 15
7 11 1 24 28
14 0 4 23 4
2 18 23 28 23
0 14 2 12 20
17 8 17 1 19
26 9 13 25 3
19 13 22 11 0
13 8 20 8 29
12 6 25 10 25
18 21 18 18 28
3 17 24 28 6
22 8 7 1 7
24 9 6 17 11
4 18 19 12 7
11 0 11 1 2
23 13 25 20 21
29 8 7 7 8
9 20 29 26 16
27 26 13 19 11
1 7 16 1 8
1 27 24 18 25
20 13 6 6 20
15 22 12 26 20
29 10 13 8 18
10 24 13 23 18
24 21 26 9 28
12 1 13 18 20
5 19 22 12 27
23 26 24 7 24
3 22 24 7 5
28 28 4 10 3
26 24 10 13 12
14 0 26 29 28
11 21 27 15 25
13 16 13 9 21
25 1 10 23 16
2 26 17 15 24
16 20 6 12 6
4 15 16 7 13
27 13 10 5 12
0 24 12 1 15
19 22 17 22 19
18 2 17 23 21
22 3 15 13 20
9 20 27 7 18
8 17 4 0 29
17 29 18 29 18
21 16 28 29 2
6 21 22 2 22
7 15 1 25 1
21 8 15 0 13
0 19 9 10 7
12 3 0 25 0
17 26 27 27 11
22 13 29 2 3
7 8 13 26 29
27 6 27 15 19
23 25 24 7 23
26 0 10 0 14
15 5 27 8 26
16 12 1 4 1
25 6 13 25 6
9 29 9 3 9
1 23 0 8 6
29 13 3 25 29
11 27 16 11 9
8 1 19 11 15
28 29 2 5 17
20 18 15 27 27
13 24 0 23 3
10 0 26 6 21
5 24 2 8 20
6 19 3 26 29
4 29 9 5 4
14 2 27 1 23
19 2 19 0 23
3 23 4 2 29
24 3 8 25 27
18 28 16 13 14
2 4 2 14 2
9 29 15 3 7
3 20 27 2 18
20 3 24 27 20
1 15 22 12 22
19 14 9 25 1
6 29 16 24 19
4 0 16 24 11
8 9 22 11 14
28 15 22 19 7
7 18 29 26 27
14 8 27 5 18
23 7 11 28 8
16 24 7 11 26
10 25 15 11 19
13 28 15 22 2
0 21 12 17 29
15 16 15 14 26
29 15 7 5 26
25 22 3 7 27
24 11 12 11 19
5 1 2 27 16
18 7 27 20 17
17 3 26 9 7
21 11 27 25 17
26 21 27 28 23
12 19 2 17 12
11 15 13 2 4
22 20 8 27 28
2 7 27 26 17
27 24 12 17 2
14 28 24 19 24
2 25 16 25 8
29 23 28 6 26
22 0 4 13 4
0 23 28 6 28
6 2 13 3 0
9 11 4 0 4
24 10 5 6 2
19 3 20 3 15
1 17 4 26 5
28 2 28 20 27
7 3 15 29 16
10 2 20 10 24
3 24 27 5 6
5 22 29 21 27
17 4 23 29 2
26 15 26 10 28
15 20 5 0 1
21 16 23 14 7
16 16 29 18 26
27 3 9 26 6
4 11 15 16 19
8 4 23 3 9
13 11 29 17 29
20 27 25 18 28
11 14 6 25 6
23 26 6 3 10
25 4 10 4 8
12 26 6 25 7
18 9 7 9 0
3 14 7 26 21
8 2 22 5 6
7 12 15 6 5
16 21 16 3 13
24 23 14 12 2
15 10 5 0 29
0 23 8 18 14
18 1 5 0 17
29 6 3 5 3
5 16 5 23 13
14 11 7 26 10
20 5 3 9 26
27 5 8 21 14
26 26 4 3 14
22 28 10 19 17
25 17 28 5 10
19 24 6 11 7
28 17 22 21 10
17 4 12 1 18
23 9 3 24 10
11 15 23 10 19
4 24 19 0 3
9 15 10 2 29
12 13 18 7 29
6 1 13 25 8
10 11 12 27 4
1 12 25 4 11
2 2 25 15 20
13 11 0 5 0
21 17 23 14 23
2 6 5 25 8
21 8 1 26 1
7 14 27 0 2
9 15 24 0 1
8 1 10 1 13
27 15 16 21 14
1 17 1 19 14
0 27 0 4 21
25 14 11 14 12
19 0 22 21 29
29 21 14 23 14
28 20 28 20 21
5 23 0 27 28
18 27 6 2 25
4 13 3 6 5
20 21 22 23 10
6 22 22 21 8
16 28 2 8 21
14 10 11 22 5
11 18 21 3 11
24 27 22 27 19
13 19 0 22 5
26 20 3 20 27
17 2 13 10 26
22 26 10 26 10
15 12 2 11 16
10 2 3 4 13
12 26 20 17 16
3 24 19 9 15
23 28 17 3 20
16 13 21 0 15
2 12 8 20 8
12 4 13 25 0
5 1 16 3 16
22 22 19 29 28
3 9 25 15 23
28 26 9 10 17
13 27 25 14 29
19 19 12 28 12
15 27 18 16 25
7 5 10 3 27
21 3 27 8 13
20 10 16 0 22
25 9 0 4 12
18 21 20 14 6
26 19 24 21 6
27 4 27 17 19
8 29 24 7 24
4 3 4 5 11
10 28 28 4 19
1 8 29 15 12
0 19 11 23 4
23 14 7 1 6
14 26 29 12 27
29 3 27 23 29
6 21 0 11 27
11 8 21 9 3
24 8 24 13 2
9 11 23 28 2
17 1 7 23 14
5 8 29 23 5
20 7 28 13 17
26 18 26 4 6
13 16 29 21 6
7 2 13 4 9
1 11 27 0 13
12 7 22 2 1
0 0 22 19 23
3 21 20 1 11
11 4 11 7 14
8 16 11 5 4
15 20 9 25 24
6 19 11 19 17
9 25 6 9 20
17 29 9 28 7
2 17 2 28 18
18 10 2 7 20
25 13 25 29 20
23 19 2 26 9
10 21 29 0 17
4 26 7 27 17
22 8 11 27 8
16 12 23 4 8
21 6 8 10 24
19 13 21 7 21
14 15 14 7 22
29 24 8 12 2
28 13 20 7 2
27 25 27 2 27
24 11 8 7 3
22 4 22 18 5
1 24 29 24 4
18 15 4 15 4
19 3 12 1 16
0 27 7 1 14
2 11 2 14 0
8 5 8 27 25
6 18 6 8 8
13 16 29 6 4
27 3 27 0 16
10 25 12 18 25
28 14 17 21 6
4 26 25 26 25
12 4 15 22 5
15 6 18 11 0
5 13 12 23 28
21 23 15 22 15
26 18 25 24 17
23 4 9 29 12
3 22 4 9 29
20 26 14 24 26
24 5 2 16 7
7 16 0 5 6
25 24 5 18 28
14 28 22 16 17
16 29 21 13 15
29 11 24 10 8
9 28 22 19 6
17 7 9 7 22
11 8 8 12 3
24 22 21 9 8
14 10 0 10 18
26 1 0 7 13
1 9 13 4 28
29 26 23 20 17
19 18 20 2 9
13 7 20 25 0
17 5 24 18 10
3 29 16 4 28
28 9 4 8 6
18 28 14 1 15
25 27 20 17 8
9 1 14 15 26
12 19 5 6 5
23 26 3 7 13
22 10 16 27 20
15 15 6 11 8
7 24 8 2 20
8 15 3 6 28
0 19 3 25 5
20 13 16 1 19
5 20 3 19 3
11 0 14 17 9
6 25 29 21 18
10 28 6 1 9
21 2 18 15 2
16 25 11 23 12
2 20 28 26 3
27 18 4 16 25
4 15 3 14 13
13 21 13 14 21
7 24 4 9 25
14 27 14 24 14
21 22 25 26 18
26 15 16 25 9
15 11 5 9 5
24 4 24 22 0
6 20 21 10 20
2 12 4 9 26
8 24 10 21 7
20 27 14 15 8
4 13 25 0 24
19 23 14 14 24
12 5 10 22 1
10 16 7 2 27
17 7 29 27 29
16 18 4 18 15
28 4 16 7 3
9 5 12 4 28
3 26 28 9 28
5 11 15 16 7
1 29 17 5 17
27 20 27 0 22
25 29 17 13 27
0 21 17 16 22
23 20 17 8 10
29 24 20 25 0
11 24 12 8 1
22 11 10 14 12
18 20 4 16 4
11 11 22 22 10
23 11 10 26 26
16 10 4 23 25
0 16 13 9 18
29 19 5 19 3
13 21 13 6 9
10 1 5 28 24
9 2 14 23 19
15 11 5 6 9
7 16 22 19 18
4 16 7 14 23
22 17 28 15 3
2 22 16 27 5
5 20 18 17 0
19 24 12 10 18
8 12 29 12 10
17 8 9 2 26
14 4 29 7 23
25 19 10 14 7
12 29 11 5 19
3 6 8 5 20
21 7 14 18 25
27 9 15 11 8
20 23 16 23 11
6 10 20 10 20
26 13 4 28 5
28 26 2 8 14
18 23 7 29 11
24 0 28 15 3
1 6 11 27 20
26 4 3 25 11
8 22 19 6 10
10 20 18 25 20
28 18 16 13 4
25 12 10 23 8
3 29 24 17 24
15 7 5 23 4
5 25 11 21 12
9 24 13 6 13
20 19 15 16 16
6 5 14 2 4
22 9 10 23 8
16 0 28 27 19
13 16 29 14 1
4 2 1 4 15
24 15 8 15 14
7 11 27 25 6
11 13 14 28 10
23 17 23 17 28
21 26 23 16 25
0 1 0 10 19
29 24 11 14 29
14 17 14 25 14
1 7 5 3 29
12 18 12 11 16
18 26 13 26 2
19 11 8 23 5
17 5 10 11 10
2 4 15 10 15
27 1 26 0 9
20 22 16 0 26
29 11 26 28 29
15 6 9 1 13
11 0 5 0 11
28 25 8 21 21
18 3 18 17 13
22 28 26 11 4
27 18 15 2 15
21 11 24 8 24
10 9 25 0 26
17 28 17 7 17
3 27 22 19 2
6 9 0 29 6
19 9 1 0 28
7 4 29 21 1
2 8 22 19 17
16 25 27 21 2
0 28 22 11 18
5 5 10 1 17
14 15 24 9 22
8 27 24 21 27
26 22 12 18 29
12 22 28 29 21
9 4 29 24 13
24 24 5 22 5
23 10 25 27 21
4 15 16 25 5
25 11 22 22 15
13 5 3 19 9
1 25 20 19 13
21 2 19 17 22
18 17 13 12 21
9 15 5 14 1
24 1 11 13 2
13 27 13 10 20
26 27 17 6 2
11 19 26 25 6
15 13 4 28 18
20 6 13 16 1
27 18 17 1 16
2 29 4 26 25
0 8 20 6 5
28 17 21 16 10
6 2 26 23 26
1 18 1 18 6
3 4 28 17 9
14 10 6 10 13
19 1 18 22 19
22 10 29 27 9
29 13 26 21 29
4 9 10 16 10
12 14 28 20 8
7 28 29 28 15
5 0 11 3 28
23 28 23 22 7
10 23 28 17 28
25 12 23 28 19
17 7 10 14 17
16 8 7 10 20
8 0 10 0 11
3 12 3 5 10
28 2 7 10 4
21 23 21 3 14
15 24 9 19 17
6 18 29 28 29
17 13 28 28 26
7 23 22 25 21
12 25 23 21 23
16 13 18 27 17
29 10 7 11 25
25 9 12 18 21
0 3 16 15 25
20 23 24 20 22
10 1 25 2 25
26 7 15 9 24
4 2 1 20 25
9 19 11 11 17
5 10 12 2 4
27 27 20 27 11
24 19 1 27 17
14 5 4 27 4
2 25 22 17 27
18 17 21 1 5
8 1 8 15 21
23 20 13 15 29
11 11 12 2 17
19 9 25 9 22
1 5 25 5 10
22 22 15 29 18
13 26 21 11 26
18 17 22 1 18
20 3 18 3 20
17 29 29 18 26
1 0 1 7 0
5 20 21 8 27
9 10 19 9 26
19 5 4 2 19
6 28 15 9 4
12 0 28 9 14
22 27 1 27 29
28 28 28 14 25
27 25 11 19 24
10 23 7 13 6
0 8 8 12 10
14 12 0 17 19
26 21 8 13 10
21 6 27 29 28
24 15 14 28 2
15 29 15 23 0
13 25 27 28 21
8 24 2 4 6
25 29 0 18 1
11 16 18 1 2
7 11 28 16 18
29 12 25 17 8
4 10 26 16 22
2 9 13 20 1
3 20 10 18 10
23 5 13 8 0
16 13 16 3 29
22 6 22 29 4
24 12 6 28 2
10 15 17 25 23
4 8 1 25 16
18 10 3 8 4
2 4 10 15 14
13 15 8 15 28
17 4 1 14 29
8 21 6 5 6
23 1 24 1 0
19 12 6 25 20
11 0 11 23 1
16 9 26 9 27
28 16 28 9 10
26 13 8 23 10
15 29 4 6 28
20 16 11 16 4
9 9 16 12 27
3 18 23 20 3
27 26 5 25 11
6 0 11 12 10
0 12 19 3 0
29 28 16 18 13
21 9 4 8 15
12 19 13 19 21
25 25 25 24 19
5 28 27 25 29
1 7 23 26 5
7 21 20 12 7
14 6 10 15 10
24 8 2 11 2
27 27 1 27 8
12 28 3 26 15
8 5 15 2 4
16 15 2 23 7
5 12 19 12 27
15 2 27 8 20
18 25 29 6 12
14 20 2 1 3
21 23 25 29 6
22 11 0 1 17
4 2 18 24 9
25 28 16 8 24
20 14 20 14 3
11 23 11 12 19
19 6 1 17 7
0 4 2 9 2
1 2 1 22 7
26 18 26 24 26
28 9 0 4 5
17 11 16 17 16
6 19 11 19 21
29 25 9 16 27
2 4 16 23 2
23 16 1 14 24
13 20 18 20 15
7 26 8 20 1
3 9 7 15 23
9 1 6 11 7
10 12 3 8 7
0 7 0 27 28
26 9 2 13 2
25 14 12 27 12
17 7 8 4 14
6 5 4 13 13
20 2 4 5 6
12 22 7 27 7
10 24 10 25 5
21 5 20 14 4
14 20 5 9 18
9 10 28 7 15
5 6 22 27 5
8 26 6 5 27
24 22 13 27 7
23 3 23 25 26
16 28 14 22 24
27 14 18 23 10
15 23 5 6 2
13 1 5 11 24
28 17 11 3 5
11 7 15 16 8
22 4 22 6 13
29 7 19 20 4
4 13 21 5 4
1 2 1 28 10
2 9 28 24 28
3 13 20 24 9
18 1 13 20 4
19 26 19 22 10
7 11 16 13 16
28 18 17 16 8
18 17 10 14 11
12 27 8 22 14
4 22 23 8 11
11 16 27 16 19
9 26 4 7 21
14 19 5 16 22
19 21 19 18 23
10 14 11 27 10
29 11 24 18 16
24 24 8 6 1
13 2 8 8 14
26 8 14 11 15
1 5 16 22 7
22 17 1 14 1
16 1 16 18 2
25 20 23 5 4
3 5 20 24 7
6 20 25 13 1
20 15 27 7 17
27 10 20 18 28
15 12 15 25 18
5 7 26 18 27
21 26 9 0 20
7 21 27 7 12
23 10 6 29 9
2 2 6 22 21
8 5 28 5 8
0 25 18 9 26
17 7 26 13 26
18 2 28 7 3
25 18 3 18 3
7 5 6 15 6
11 18 11 12 14
20 20 22 7 10
6 27 28 15 13
26 5 26 17 16
0 5 12 5 7
8 5 7 0 28
9 25 22 10 6
2 5 29 5 29
17 9 24 14 26
15 2 5 0 9
5 29 10 6 10
23 5 20 19 18
3 20 3 15 9
19 19 25 26 20
13 24 27 4 17
21 27 28 14 29
29 16 19 4 22
12 20 9 15 15
1 13 8 21 18
14 6 16 29 12
10 7 23 29 21
22 27 24 25 0
16 29 10 29 5
24 15 7 16 4
28 8 17 8 11
27 23 28 6 28
4 2 16 20 9
28 15 3 7 16
7 14 4 13 11
27 7 27 21 18
17 16 14 4 21
6 6 10 7 14
25 20 26 0 19
29 14 29 21 19
14 15 1 15 14
22 22 7 25 12
4 26 6 5 20
13 16 5 11 15
16 12 16 7 18
24 9 21 18 24
21 13 15 13 5
19 18 5 3 26
2 19 20 23 13
15 3 4 8 23
23 17 27 17 0
20 7 14 15 14
3 6 24 5 22
18 24 3 24 11
1 25 8 23 8
8 14 19 2 17
5 13 21 11 24
11 25 1 26 14
0 13 23 13 18
26 6 18 11 26
9 25 22 19 11
10 7 15 11 8
12 19 13 23 13
7 21 4 22 2
3 12 25 7 29
8 27 8 9 11
17 20 20 23 13
0 8 0 6 18
10 11 9 17 2
12 21 15 1 5
4 14 4 14 5
2 21 25 20 5
24 12 25 24 10
25 18 7 18 24
26 3 19 16 15
29 18 29 23 2
20 10 18 5 12
28 11 28 14 5
5 26 17 21 17
6 3 27 6 0
16 15 22 15 2
22 28 22 10 17
1 28 21 4 26
23 12 16 15 2
21 11 1 23 7
19 6 11 10 22
9 14 9 13 22
13 0 13 18 14
11 29 15 26 10
18 10 23 12 23
14 29 13 9 14
27 4 29 7 29
15 6 3 5 16
11 19 29 6 25
6 24 0 29 2
3 12 0 3 10
24 18 19 17 6
13 12 12 7 12
20 2 7 21 14
2 26 13 4 18
8 15 2 26 0
21 10 26 5 19
19 16 23 27 0
23 25 20 19 9
4 6 7 21 12
15 9 7 24 4
17 22 2 26 25
12 15 23 16 1
25 25 26 2 1
7 1 13 12 10
22 0 29 10 28
10 20 1 20 1
9 14 28 26 27
28 5 27 29 19
1 0 24 10 12
18 16 12 9 5
0 0 29 28 14
14 4 6 21 28
5 8 24 28 19
27 26 4 2 29
16 11 13 10 5
26 7 17 15 9
29 28 5 4 2
7 19 4 19 20
6 17 22 2 7
23 11 5 6 17
22 17 13 17 5
21 29 0 29 2
15 18 2 7 0
27 0 8 20 14
16 14 2 19 23
5 6 12 0 24
13 9 19 1 19
8 17 6 17 19
3 3 8 16 24
10 24 14 9 19
25 0 14 18 29
0 11 22 23 19
14 9 5 22 7
28 10 17 9 21
26 10 5 14 3
4 25 5 28 24
9 26 27 22 23
2 10 21 0 8
1 25 8 24 28
29 13 0 7 2
24 21 3 15 17
11 15 21 15 17
18 24 11 24 28
20 2 7 16 8
17 9 25 18 24
19 0 11 12 17
12 12 14 25 9
19 18 14 8 14
26 15 26 16 1
28 21 24 11 11
15 29 0 11 2
24 14 4 15 17
20 14 22 18 21
3 20 28 23 1
2 22 17 21 8
6 18 14 16 19
11 2 9 19 16
18 15 17 22 2
21 4 11 17 21
5 6 29 2 20
25 20 18 28 0
14 18 26 27 4
29 21 1 2 4
13 1 27 10 17
22 17 6 25 8
4 11 23 3 5
9 26 16 24 17
23 7 2 22 0
16 5 3 20 7
0 9 9 23 18
10 21 4 11 6
27 14 11 2 10
1 7 12 27 29
17 18 17 10 26
7 24 20 12 6
12 14 28 26 11
8 19 28 22 23
5 18 17 4 24
23 5 25 12 26
27 29 4 16 28
19 17 27 24 14
8 8 25 3 27
29 26 26 22 9
25 0 28 24 10
16 15 28 18 3
2 6 0 6 5
6 2 3 5 23
17 9 28 9 12
9 7 19 2 25
11 0 19 29 14
0 25 4 28 3
7 1 20 14 29
24 1 19 7 8
1 18 4 25 4
28 27 8 4 1
26 27 0 25 24
12 4 3 4 15
14 12 29 1 20
13 23 10 23 5
10 18 29 14 11
20 3 19 29 14
18 10 9 5 9
15 20 2 8 27
4 6 6 10 14
22 22 6 23 3
21 22 25 22 25
3 4 10 7 8
4 11 17 9 22
12 8 22 23 17
8 23 28 15 20
11 17 23 21 23
10 0 16 10 24
1 6 1 29 17
17 17 24 14 28
29 7 17 17 29
18 8 14 24 25
24 8 16 4 16
19 17 4 0 28
28 3 29 2 10
16 22 6 24 25
5 27 2 12 5
3 22 24 24 15
6 6 1 26 22
21 24 6 27 9
13 13 27 10 2
0 18 3 29 26
23 17 11 13 21
22 28 6 1 27
25 5 21 14 8
26 1 7 8 5
14 26 18 2 25
7 11 14 9 4
27 15 4 9 14
9 16 9 10 12
20 1 20 12 20
15 24 12 16 26
2 11 5 6 10
28 22 25 2 17
22 6 4 29 27
23 27 10 27 5
7 11 27 26 14
2 18 19 4 29
11 28 4 8 7
19 4 20 8 3
10 6 5 9 18
21 18 1 2 22
27 8 27 19 16
5 18 20 14 16
16 4 29 12 9
14 4 2 17 0
20 6 19 10 14
9 25 20 13 7
0 21 22 14 16
3 10 0 21 28
4 14 7 27 23
29 1 19 16 26
12 0 18 4 24
17 28 18 20 4
6 23 9 23 4
8 22 28 15 8
26 18 13 16 14
13 20 27 13 4
18 2 24 25 0
25 20 27 18 15
1 19 17 24 6
15 17 27 13 21
24 22 29 22 26
16 10 7 2 12
17 9 8 15 8
14 10 0 5 0
12 11 3 21 15
4 21 24 6 0
24 6 16 26 8
11 14 26 0 5
5 23 25 26 9
8 6 24 6 12
21 9 1 18 23
7 18 12 20 0
26 10 0 10 25
0 26 25 26 15
28 17 28 13 0
2 7 27 26 27
29 14 1 20 11
20 1 2 16 12
23 8 17 27 23
27 21 2 21 4
22 11 25 12 5
1 18 11 20 14
3 29 25 1 14
6 16 11 9 11
25 10 9 21 2
19 29 4 23 19
10 23 14 7 20
9 11 16 7 24
15 21 28 16 19
18 11 3 16 0
13 0 24 0 24
12 22 24 1 17
10 25 25 4 20
19 24 25 21 29
3 16 6 16 6
6 4 3 1 17
13 5 13 22 25
26 4 25 29 0
23 10 21 10 17
8 10 16 1 24
5 21 5 20 24
22 10 22 22 14
9 13 7 25 19
16 7 13 18 14
25 19 8 13 22
11 27 17 8 9
15 1 27 7 4
1 12 4 19 25
18 16 10 17 1
4 23 10 29 6
7 3 8 17 21
28 18 19 11 9
21 15 21 10 8
2 3 11 22 21
27 15 18 9 27
20 23 1 3 10
17 22 10 17 10
24 2 21 22 8
14 16 14 16 4
29 10 11 26 13
0 6 0 22 14
19 29 3 8 23
5 14 9 3 16
13 28 12 0 10
6 2 21 12 18
14 5 0 5 0
25 7 8 26 19
27 26 2 23 2
0 13 17 14 22
17 15 23 25 23
8 9 28 6 0
16 5 24 7 17
4 3 16 6 14
20 5 0 20 15
15 8 11 8 15
3 28 3 4 17
2 11 6 11 18
11 28 13 2 28
1 20 28 25 27
21 2 3 2 17
23 26 12 9 12
26 8 18 23 14
7 27 22 11 23
28 23 7 6 15
10 7 23 15 13
22 18 12 3 13
18 12 19 25 19
24 13 3 11 5
29 19 27 4 18
12 19 11 6 0
9 22 14 7 18
4 13 5 15 18
12 12 4 23 16
8 24 3 10 15
10 22 0 5 22
22 15 25 24 0
6 17 19 7 27
18 23 4 29 0
0 25 28 16 29
19 22 6 3 22
26 22 12 18 19
28 10 29 4 23
2 23 11 27 20
11 15 12 17 0
24 0 20 23 17
1 11 17 12 5
5 0 29 2 20
17 27 7 7 24
21 8 7 15 20
20 13 9 25 0
9 20 9 26 9
7 26 12 0 24
13 7 7 4 20
16 25 8 8 9
14 3 20 4 8
3 21 17 21 7
25 28 22 11 26
15 20 25 12 3
23 24 29 13 21
27 15 24 18 25
29 27 21 3 8
25 7 25 5 14
0 24 4 24 21
22 18 10 27 9
10 1 16 25 15
27 11 14 10 7
5 18 3 8 11
17 25 21 14 11
12 5 2 29 15
8 28 16 24 4
3 12 3 24 5
7 22 1 0 21
21 2 21 16 1
29 12 21 8 9
23 11 27 27 21
11 7 12 25 9
26 14 5 2 26
1 20 9 22 1
2 21 0 1 27
24 18 24 5 4
19 27 7 22 26
28 18 3 14 11
20 11 26 14 21
14 8 22 6 14
9 11 14 19 13
18 19 27 9 6
15 11 25 3 14
13 10 14 24 14
6 14 28 25 10
4 5 18 5 15
16 22 15 13 0
4 4 26 11 11
10 18 7 21 5
24 8 26 16 11
7 20 5 14 6
28 10 28 24 21
26 21 0 21 7
8 12 0 12 10
5 18 7 27 14
3 6 29 19 25
14 18 25 0 16
16 11 5 24 6
18 10 29 26 21
19 26 17 0 1
11 13 20 15 16
21 10 5 27 29
29 27 23 16 28
1 15 22 18 14
22 27 23 6 8
15 1 15 8 9
23 16 22 20 10
20 10 21 24 21
0 16 2 5 27
12 3 12 17 16
6 3 25 28 14
17 15 24 19 2
27 6 3 6 29
9 16 21 4 27
25 12 4 7 3
13 19 8 3 1
2 11 10 11 17
21 16 11 5 11
24 24 24 15 28
7 19 14 8 1
27 0 13 14 13
16 26 17 28 1
17 0 29 22 23
15 6 15 28 2
20 8 2 27 29
9 18 19 29 9
29 26 21 26 24
12 2 5 29 12
1 16 11 5 27
18 14 12 7 16
4 23 11 10 11
14 25 0 27 3
10 11 29 14 23
22 22 25 25 10
25 28 6 12 29
26 26 26 24 24
8 7 0 24 0
5 28 23 23 3
6 21 5 10 11
11 10 15 17 26
0 10 25 17 20
28 28 7 28 17
13 6 2 13 20
23 18 29 18 22
19 1 12 18 25
3 5 11 12 11
2 23 14 24 17
8 27 5 19 23
10 1 25 4 23
28 13 26 27 24
13 9 26 24 21
4 18 20 26 1
20 6 9 26 2
24 14 28 17 24
14 22 7 25 2
27 1 2 23 26
17 20 3 20 1
25 18 4 15 24
6 3 22 25 0
7 20 14 12 0
26 26 0 10 6
18 18 29 21 17
23 6 17 6 18
11 7 1 3 0
22 16 6 28 5
2 12 2 21 14
29 1 22 18 13
16 15 1 23 26
5 8 25 22 1
0 20 22 25 9
1 25 14 18 29
15 10 14 23 4
12 6 23 24 0
3 26 29 22 29
21 29 9 25 1
9 12 11 5 20
19 21 6 8 26
3 25 11 5 11
8 14 9 14 22
11 17 11 21 15
7 18 7 18 7
13 12 22 17 24
18 4 17 15 4
26 27 26 6 6
24 1 24 18 16
22 18 22 1 4
19 3 27 29 5
21 2 28 2 17
6 6 23 14 12
1 5 29 15 17
2 18 11 7 24
14 23 2 10 17
16 11 8 3 16
17 26 15 26 23
20 15 20 18 10
29 21 26 18 22
0 24 0 29 11
15 17 9 17 27
23 23 20 21 2
10 2 21 26 10
28 14 24 15 4
9 25 2 25 24
12 10 22 21 22
5 29 5 17 16
27 16 18 18 18
4 19 11 16 28
25 0 20 22 21
19 11 29 21 17
2 21 18 28 20
15 18 1 14 15
5 28 8 21 29
16 17 0 8 27
27 26 18 3 24
29 13 29 20 22
8 5 17 22 19
24 28 24 15 23
20 12 10 12 23
23 14 18 21 29
14 21 16 21 25
6 8 20 17 10
1 25 5 12 5
11 18 20 29 14
12 13 8 10 11
4 14 26 12 4
13 1 21 5 22
18 6 23 9 18
25 20 5 20 17
28 25 28 27 1
7 27 1 24 3
21 19 19 19 28
9 13 29 7 17
0 19 8 1 12
17 2 17 18 8
10 14 27 14 0
26 16 3 24 24
3 13 28 20 23
22 26 21 1 0
29 4 18 6 14
10 0 24 9 5
26 26 25 29 16
18 28 5 11 13
28 7 21 1 2
3 23 2 23 19
14 25 23 19 22
24 7 16 3 7
23 20 5 11 23
19 26 5 17 14
5 16 26 27 7
1 2 20 4 22
8 21 8 21 8
25 8 9 24 18
0 7 20 22 10
27 12 24 7 29
11 23 21 16 10
17 16 8 3 8
22 27 26 27 6
4 28 27 17 24
2 9 11 26 15
6 28 17 10 12
9 25 27 8 27
20 2 15 2 1
15 7 24 12 22
21 27 3 15 25
16 8 27 17 27
7 14 1 23 1
13 27 2 15 29
12 22 10 14 28
3 6 17 1 9
19 23 29 7 29
17 6 18 13 23
5 12 24 18 18
18 12 5 11 5
10 17 25 4 10
12 5 4 13 17
0 2 7 19 3
21 19 11 29 27
20 23 9 7 26
8 18 15 7 2
11 26 20 23 13
7 16 3 0 10
24 12 26 26 15
16 15 23 17 24
6 20 20 29 4
26 0 26 8 9
27 21 14 10 29
25 20 22 11 28
2 1 4 22 4
1 27 29 27 17
15 19 27 19 0
9 22 27 21 16
14 9 12 9 6
28 19 28 22 28
13 12 16 21 14
22 26 22 24 25
4 6 3 0 5
29 7 26 1 25
23 15 26 5 12
15 13 10 7 22
19 10 1 9 16
24 2 29 21 6
4 24 3 12 25
14 16 20 5 26
2 23 15 8 20
12 12 12 9 14
21 29 19 27 8
23 6 11 12 7
7 22 12 16 12
5 9 7 10 16
20 19 27 28 21
11 0 13 13 9
28 18 0 6 8
18 9 19 29 22
25 4 1 0 13
6 6 25 6 9
26 6 14 6 27
16 9 29 3 19
22 7 2 5 1
10 16 26 28 8
9 19 23 22 10
13 9 29 17 29
17 5 15 26 19
1 27 15 4 25
3 29 13 6 14
0 3 5 11 19
8 25 8 26 17
27 6 11 4 5
29 23 7 1 11
2 27 8 29 0
11 21 11 26 26
25 28 22 17 5
16 9 7 10 11
12 1 12 18 0
24 23 24 14 11
8 7 2 20 18
14 13 23 17 14
0 11 9 27 10
1 5 15 27 10
20 11 29 28 6
5 29 21 16 28
23 17 23 11 28
3 19 26 11 28
26 17 12 22 4
7 26 7 2 29
6 1 10 17 23
21 26 17 24 14
18 27 28 28 27
22 14 5 4 1
15 15 15 24 20
27 22 14 22 18
9 29 14 6 14
10 21 10 21 13
17 7 17 25 28
13 15 12 25 0
4 25 27 19 22
29 7 27 6 3
19 24 5 24 21
28 13 23 13 25
10 21 24 19 23
8 22 27 7 1
19 26 13 26 28
25 11 6 7 23
2 10 22 11 16
28 28 19 0 18
0 23 0 14 13
6 27 12 17 10
15 9 2 19 0
20 9 29 7 29
1 8 3 10 19
21 6 6 7 29
7 9 15 14 5
3 7 25 27 25
27 22 3 13 9
26 24 3 17 11
18 28 24 10 18
14 3 18 26 7
4 10 27 24 7
17 6 19 9 12
29 12 18 4 11
11 3 19 10 18
12 13 20 11 0
16 25 4 3 0
13 3 23 20 10
22 22 4 8 22
23 21 16 6 28
9 21 13 8 28
5 11 0 25 17
24 1 21 3 12
29 14 26 22 0
13 15 13 20 0
12 6 25 17 15
20 26 20 5 21
7 1 16 9 11
4 10 17 29 18
0 18 13 13 20
5 4 23 15 13
15 5 9 16 10
22 2 0 2 0
2 10 9 11 26
17 14 7 9 7
8 27 4 27 13
24 14 19 22 16
25 2 8 21 9
14 15 29 7 26
9 11 20 19 9
23 12 14 13 10
11 6 17 27 21
6 2 21 1 16
10 2 7 2 24
21 2 14 20 13
16 10 13 19 29
27 4 5 4 22
28 25 29 16 18
19 5 19 26 19
3 21 11 16 29
1 5 9 9 11
26 27 16 17 16
18 23 18 3 15
27 17 6 11 6
10 26 20 13 20
26 20 7 9 24
13 14 7 11 3
5 20 23 1 23
22 17 14 5 14
1 23 18 26 22
9 27 29 14 23
19 12 2 29 11
21 22 16 28 25
28 18 11 21 3
17 10 21 5 29
0 26 25 17 25
14 4 18 29 22
2 25 29 16 1
12 10 0 10 15
23 12 2 13 5
24 16 28 26 6
11 28 5 3 6
20 21 12 4 12
6 0 22 3 1
4 18 6 16 6
25 25 6 22 5
8 21 25 17 25
18 19 14 10 23
7 26 7 26 27
29 8 9 10 15
16 16 14 1 0
15 8 24 8 0
3 10 0 16 2
23 26 11 26 17
5 20 5 9 0
14 20 4 25 21
11 29 18 27 1
18 24 18 7 23
8 2 13 11 25
3 5 3 21 3
13 14 28 0 21
28 23 29 20 17
1 4 9 3 19
7 7 19 25 19
15 28 4 14 4
24 29 16 1 21
25 25 14 16 18
6 2 16 6 15
22 4 26 18 20
16 0 11 7 9
27 5 14 16 20
12 21 12 6 7
10 3 19 1 5
29 7 12 7 7
20 5 21 11 28
21 10 22 17 1
4 18 4 14 4
9 25 17 1 21
0 29 7 14 28
26 27 6 15 28
2 0 26 24 3
17 29 24 9 0
19 29 11 0 14
12 6 7 13 3
18 11 4 10 15
6 21 25 8 6
28 0 28 19 22
2 26 25 17 8
19 0 19 20 16
3 17 5 17 5
5 20 21 20 9
26 7 7 4 18
4 27 21 29 10
9 20 3 8 19
8 7 19 12 16
11 11 11 4 28
10 29 22 22 9
17 25 29 10 29
14 21 20 1 18
13 11 3 6 1
21 11 11 28 25
16 1 28 3 1
22 13 21 0 17
1 24 5 23 17
25 27 4 17 25
0 13 0 19 11
7 7 22 13 0
23 7 8 7 0
20 15 8 14 21
27 10 1 6 13
24 1 24 8 29
29 21 13 9 19
15 17 26 14 26
13 20 19 12 19
21 2 22 14 12
27 11 2 14 6
3 19 25 21 5
5 17 15 10 24
19 22 19 22 14
7 20 28 23 7
17 20 24 2 24
24 5 9 3 28
14 10 6 8 5
12 20 12 29 22
10 29 7 0 9
25 21 12 18 10
4 12 4 7 2
2 13 15 17 15
26 2 16 17 19
16 10 19 8 19
23 7 22 26 21
9 0 17 22 14
29 7 27 27 11
0 19 12 4 15
11 26 27 10 19
6 19 9 24 11
18 22 20 25 14
28 25 27 16 23
1 24 5 9 23
22 29 11 18 20
8 17 13 20 24
15 8 9 18 15
20 3 17 13 23
11 21 25 5 10
16 2 26 25 26
12 21 15 8 12
10 3 19 25 13
18 4 21 5 21
2 13 10 1 3
27 16 27 16 1
20 15 18 12 16
0 28 21 2 16
24 12 17 18 10
1 29 22 19 22
7 8 0 25 23
25 0 16 7 19
22 13 11 29 10
26 20 10 20 28
9 0 9 22 5
28 24 2 20 29
8 25 5 10 23
14 21 23 16 14
21 4 13 5 13
29 8 8 12 14
4 15 1 11 16
5 28 19 2 24
17 13 0 9 29
3 11 3 11 29
19 5 25 14 2
13 26 29 25 13
23 29 22 24 2
15 26 16 18 13
6 22 24 9 29